130.000000 26.000000 -1.010069 -0.031087 0.084973 -0.089797 0.002068 0.086923 0.025676 -0.007359 0.995857 0.000000 0.000000 0.079682 0.000000 
2066.000000 439.000000 -0.958765 -0.079810 0.040098 0.434065 nan 0.020095 -0.002470 0.008299 0.999761 0.000000 0.000000 0.128476 0.000000 
99.000000 458.000000 -0.955472 -0.118644 -0.002770 0.161617 nan 0.005549 -0.001909 0.002607 0.999979 0.000000 0.000000 0.167643 0.000000 
92.000000 477.000000 -1.002586 -0.056063 -0.081053 -0.132835 nan 0.005110 0.000837 -0.001587 0.999985 0.000000 0.000000 0.162296 0.000000 
99.000000 497.000000 -1.018922 -0.043234 0.022932 -0.317521 nan 0.016544 0.004136 -0.004700 0.999844 -0.150262 0.148245 0.224958 0.000000 
100.000000 517.000000 -1.098193 0.048652 0.041896 -0.634188 nan 0.039586 0.002216 -0.003412 0.999208 -0.262288 0.199892 0.165761 0.000000 
100.000000 537.000000 -1.112268 -0.122185 0.005534 -0.554484 nan 0.068351 -0.002648 -0.007411 0.997630 -0.343046 0.199787 0.096841 0.000000 
99.000000 557.000000 -1.007347 0.003462 0.115651 -0.570917 nan 0.095378 0.000917 -0.008914 0.995401 -0.323350 0.231873 0.013385 0.000000 
100.000000 578.000000 -0.966562 -0.099794 0.008318 -0.485471 0.000000 0.124199 -0.003955 -0.008660 0.992212 -0.244588 0.291514 0.091865 0.000000 
99.000000 597.000000 -0.903596 -0.130546 0.126560 -0.307913 nan 0.143091 -0.007069 -0.014170 0.989583 -0.312056 0.281160 0.113666 0.000000 
99.000000 617.000000 -0.950486 -0.046263 -0.079159 -0.191930 nan 0.154407 -0.008788 -0.016085 0.987837 -0.391209 0.272741 0.340630 0.000000 
100.000000 637.000000 -1.062247 0.042580 0.038568 -0.076333 nan 0.161561 -0.007413 -0.017775 0.986675 -0.450263 0.298755 0.293557 0.000000 
99.000000 657.000000 -1.053776 0.054484 -0.023138 -0.043668 nan 0.163483 -0.009104 -0.015959 0.986375 -0.474623 0.277475 0.216323 0.000000 
100.000000 677.000000 -1.057374 0.056452 -0.206128 0.166325 nan 0.159775 -0.001196 -0.013749 0.987057 -0.495737 0.246163 0.111477 0.000000 
100.000000 697.000000 -1.013045 -0.110402 0.069628 0.133166 nan 0.154091 -0.002477 -0.016505 0.987916 -0.455306 0.169319 0.070609 0.000000 
99.000000 717.000000 -0.896255 0.080388 0.119024 0.009349 nan 0.150844 -0.003994 -0.015440 0.988429 -0.458002 0.174482 0.122009 0.000000 
99.000000 737.000000 -0.958202 0.121032 -0.014533 -0.095818 nan 0.153856 -0.007816 -0.010808 0.988003 -0.495073 0.172961 0.166243 0.000000 
100.000000 757.000000 -1.015220 0.007523 0.012469 -0.090016 nan 0.159847 -0.008152 -0.004645 0.987097 -0.573997 0.133045 0.177003 0.000000 
100.000000 777.000000 -1.121513 -0.022952 -0.182062 -0.129789 nan 0.166175 -0.004233 -0.006475 0.986066 -0.592185 0.062086 0.114774 0.000000 
100.000000 797.000000 -1.049637 0.015467 -0.156927 0.083557 nan 0.169010 0.007828 -0.007179 0.985557 -0.541767 -0.000696 -0.018852 0.000000 
100.000000 817.000000 -1.014730 -0.072263 0.058955 0.206073 nan 0.161679 0.004143 -0.010338 0.986781 -0.512376 0.064140 -0.022826 0.000000 
99.000000 837.000000 -0.921016 -0.169604 0.001346 0.259409 nan 0.149652 0.006279 -0.016872 0.988575 -0.521475 0.095903 0.042209 0.000000 
100.000000 857.000000 -0.978165 0.067228 -0.089610 0.108115 nan 0.141092 0.006688 -0.017066 0.989827 -0.539521 0.155287 0.120960 0.000000 
99.000000 877.000000 -1.059274 0.063982 -0.035532 0.092880 nan 0.135852 0.011169 -0.016030 0.990536 -0.636054 0.243685 0.114598 0.000000 
99.000000 897.000000 -1.090251 0.001385 0.114960 0.080028 nan 0.131105 0.008226 -0.011999 0.991262 -0.657925 0.303275 0.041810 0.000000 
99.000000 917.000000 -1.005261 0.005551 -0.158139 0.064532 nan 0.126790 0.009563 -0.013089 0.991797 -0.602191 0.337310 -0.044059 0.000000 
99.000000 937.000000 -0.956721 0.174779 0.159447 0.166271 nan 0.120736 0.001454 -0.011019 0.992622 -0.566182 0.316755 0.021405 0.000000 
100.000000 957.000000 -0.930455 0.245218 0.059680 0.216816 nan 0.109403 0.002614 0.003107 0.993989 -0.560088 0.326891 0.101185 0.000000 
100.000000 977.000000 -0.969667 0.145604 -0.003917 -0.051960 nan 0.102793 -0.000955 0.011481 0.994636 -0.571225 0.301248 0.167429 0.000000 
99.000000 997.000000 -1.021502 0.060184 -0.098685 -0.234705 nan 0.109736 0.004006 0.020245 0.993747 -0.636174 0.251119 0.181560 0.000000 
100.000000 1017.000000 -1.144977 -0.211839 -0.155976 -0.314830 nan 0.123008 0.007301 0.013799 0.992283 -0.643649 0.236239 0.093003 0.000000 
100.000000 1037.000000 -1.021942 -0.385564 -0.173268 -0.211810 nan 0.137076 0.022039 -0.004837 0.990304 -0.576172 0.217157 -0.040403 0.000000 
99.000000 1057.000000 -1.024335 0.355583 0.014222 -0.182488 nan 0.146478 0.016216 -0.005109 0.989068 -0.601193 0.322069 -0.031529 0.000000 
99.000000 1077.000000 -0.939145 -0.153995 0.102503 0.003493 nan 0.149653 0.020096 -0.000399 0.988534 -0.610921 0.400940 0.009714 0.000000 
100.000000 1097.000000 -0.944476 0.073033 0.110175 0.066927 nan 0.146437 0.013108 -0.001074 0.989133 -0.618352 0.387205 0.096056 0.000000 
99.000000 1117.000000 -1.056508 0.120031 -0.128914 0.166611 nan 0.139339 0.014845 0.004195 0.990125 -0.696361 0.408952 0.103896 0.000000 
99.000000 1137.000000 -1.163868 -0.225640 0.096750 0.244505 nan 0.127157 0.017389 0.001177 0.991729 -0.698757 0.441119 -0.025705 0.000000 
99.000000 1157.000000 -1.069008 -0.097965 -0.074474 0.095067 nan 0.117564 0.016050 -0.009227 0.992893 -0.645633 0.467160 -0.183508 0.000000 
99.000000 1177.000000 -0.946903 -0.087168 0.155301 0.120453 nan 0.112079 0.006153 -0.014851 0.993569 -0.615157 0.419236 -0.143489 0.000000 
100.000000 1197.000000 -0.882412 -0.058380 0.161265 0.214719 nan 0.102418 -0.000173 -0.016384 0.994607 -0.596683 0.439853 -0.004666 0.000000 
99.000000 1217.000000 -0.933931 0.076924 -0.027851 -0.025362 nan 0.095595 -0.004131 -0.014525 0.995306 -0.599219 0.418542 0.089121 0.000000 
100.000000 1237.000000 -1.003324 -0.170797 0.054035 -0.096734 nan 0.098338 -0.003654 -0.015457 0.995026 -0.666834 0.369319 0.117729 0.000000 
100.000000 1257.000000 -1.071800 -0.090329 0.010650 -0.128543 nan 0.102995 -0.004263 -0.023238 0.994401 -0.661256 0.303292 0.053647 0.000000 
99.000000 1277.000000 -1.059840 0.255401 -0.085269 -0.102789 nan 0.107635 -0.002305 -0.018646 0.994013 -0.654812 0.318490 -0.027696 0.000000 
99.000000 1297.000000 -1.063232 0.182162 -0.004402 -0.025884 nan 0.108210 -0.005356 -0.010054 0.994063 -0.624156 0.357019 -0.054281 0.000000 
100.000000 1317.000000 -0.934975 0.002237 0.040077 0.107377 nan 0.104048 -0.003960 -0.008699 0.994526 -0.590136 0.298841 -0.009913 0.000000 
99.000000 1337.000000 -0.931450 0.226558 -0.012098 0.213565 nan 0.094621 -0.006041 -0.002746 0.995491 -0.610056 0.289636 0.095679 0.000000 
100.000000 1357.000000 -0.985646 0.257788 0.196128 0.278543 nan 0.082570 -0.008804 0.009643 0.996500 -0.677911 0.324930 0.143146 0.000000 
100.000000 1377.000000 -1.075958 -0.227645 -0.137742 0.354768 nan 0.063203 -0.012057 0.012652 0.997848 -0.713100 0.324773 0.087157 0.000000 
99.000000 1397.000000 -1.077151 -0.120577 -0.478022 0.134569 nan 0.050269 0.003031 0.001170 0.998730 -0.647232 0.334860 -0.014185 0.000000 
100.000000 1417.000000 -1.005066 -0.060959 0.090876 0.368229 nan 0.038287 0.008869 -0.006371 0.999207 -0.593189 0.275182 -0.015941 0.000000 
100.000000 1437.000000 -0.951975 0.058173 0.034488 0.244482 nan 0.020821 0.007204 -0.004874 0.999745 -0.552764 0.281238 0.021579 0.000000 
99.000000 1457.000000 -0.975716 -0.113339 0.090786 -0.013785 nan 0.013007 0.003337 -0.006547 0.999888 -0.575298 0.282995 0.085385 0.000000 
99.000000 1477.000000 -1.018071 -0.112294 -0.004740 -0.152947 nan 0.016687 0.002743 -0.011311 0.999793 -0.626745 0.259366 0.104638 0.000000 
100.000000 1497.000000 -1.074428 0.039674 0.138376 -0.266865 nan 0.024963 0.000810 -0.014015 0.999590 -0.661277 0.232305 0.044522 0.000000 
100.000000 1517.000000 -1.097258 0.238778 0.020081 -0.317724 nan 0.037018 -0.007556 -0.005269 0.999272 -0.618854 0.233174 -0.040006 0.000000 
100.000000 1537.000000 -1.044051 0.045455 0.011747 -0.168125 nan 0.044318 -0.010314 0.000135 0.998964 -0.578515 0.272289 -0.055088 0.000000 
99.000000 1557.000000 -0.900331 -0.396712 0.058384 -0.309460 nan 0.054077 -0.007614 -0.007169 0.998482 -0.542262 0.286923 0.002477 0.000000 
100.000000 1577.000000 -0.935774 -0.193993 -0.113224 -0.309010 nan 0.068394 -0.008901 -0.022446 0.997366 -0.620621 0.316608 0.110157 0.000000 
100.000000 1597.000000 -1.020114 -0.232695 -0.099531 -0.072814 nan 0.075800 0.000028 -0.034551 0.996524 -0.693749 0.346884 0.123596 0.000000 
99.000000 1617.000000 -1.055725 0.154710 0.226243 0.127597 nan 0.072514 -0.006513 -0.036309 0.996685 -0.692791 0.380392 0.064145 0.000000 
100.000000 1637.000000 -1.142035 0.482063 0.031112 0.153416 nan 0.064163 -0.018862 -0.018287 0.997594 -0.656523 0.366328 -0.022113 0.000000 
100.000000 1657.000000 -1.023922 -0.074422 0.176417 0.337669 nan 0.050460 -0.020896 -0.004939 0.998495 -0.585972 0.280518 -0.023327 0.000000 
99.000000 1677.000000 -0.944893 -0.007912 -0.094759 0.250265 nan 0.032794 -0.017222 -0.009065 0.999273 -0.538992 0.200161 0.021763 0.000000 
100.000000 1697.000000 -0.924418 -0.052445 0.180843 0.175822 nan 0.020614 -0.022341 -0.008286 0.999503 -0.613750 0.207004 0.104768 0.000000 
99.000000 1717.000000 -0.994673 -0.040021 -0.062565 -0.107593 nan 0.016937 -0.024351 -0.010337 0.999507 -0.687972 0.240207 0.134563 0.000000 
100.000000 1737.000000 -1.031227 -0.158884 -0.043145 -0.332804 nan 0.027698 -0.022049 -0.017998 0.999211 -0.719972 0.222144 0.122403 0.000000 
100.000000 1757.000000 -1.104227 -0.078206 -0.183377 -0.365396 nan 0.043822 -0.017497 -0.023754 0.998604 -0.691298 0.226858 0.061437 0.000000 
100.000000 1777.000000 -1.032899 -0.027242 -0.096402 -0.290308 nan 0.058534 -0.003137 -0.025760 0.997948 -0.689304 0.262238 0.011282 0.000000 
99.000000 1797.000000 -0.978174 -0.278165 -0.146558 -0.537530 nan 0.076802 0.005091 -0.027945 0.996642 -0.649026 0.360081 0.002555 0.000000 
99.000000 1817.000000 -0.929019 -0.308827 -0.008290 -0.816632 nan 0.110311 0.006196 -0.044534 0.992880 -0.723115 0.438620 0.088008 0.000000 
100.000000 1837.000000 -1.013279 -0.168671 -0.145515 -0.549878 nan 0.146482 0.012054 -0.057087 0.987491 -0.764306 0.491254 0.141646 0.000000 
99.000000 1857.000000 -1.114991 0.164855 0.254088 -0.232640 nan 0.160254 0.008737 -0.056822 0.985400 -0.787159 0.540781 0.077615 0.000000 
100.000000 1877.000000 -1.144254 0.260218 -0.128166 -0.490017 nan 0.178431 0.003843 -0.042671 0.983019 -0.748229 0.540702 -0.035735 0.000000 
99.000000 1897.000000 -1.027028 -0.166064 0.014460 -0.363188 nan 0.200377 0.008556 -0.039711 0.978876 -0.620666 0.463130 -0.010997 0.000000 
100.000000 1917.000000 -0.940430 0.146737 0.085102 -0.222784 nan 0.212457 0.009060 -0.044582 0.976111 -0.559557 0.356053 0.006417 0.000000 
99.000000 1937.000000 -0.947283 0.220716 0.143098 -0.071316 nan 0.219787 0.003146 -0.029811 0.975087 -0.604617 0.331625 0.082498 0.000000 
99.000000 1957.000000 -0.980491 0.148745 0.011917 -0.140848 nan 0.226150 0.001506 -0.019248 0.973901 -0.630695 0.291695 0.110754 0.000000 
99.000000 1977.000000 -1.072617 0.095333 0.094719 -0.121348 nan 0.232852 -0.000811 -0.013571 0.972417 -0.670421 0.176077 0.083651 0.000000 
100.000000 1997.000000 -1.108040 0.002805 -0.074768 0.077314 nan 0.236123 -0.003082 -0.011152 0.971654 -0.668368 0.092158 -0.005441 0.000000 
99.000000 2016.000000 -1.028339 0.098524 0.128111 0.175193 nan 0.232588 -0.002294 -0.008168 0.972538 -0.638114 0.103708 -0.031973 0.000000 
100.000000 2037.000000 -0.968752 -0.211448 -0.025683 0.389372 nan 0.222138 -0.000491 -0.004431 0.975005 -0.561468 0.089110 -0.029817 0.000000 
99.000000 2057.000000 -0.917467 0.028439 0.170438 0.549230 nan 0.200461 -0.008846 -0.012066 0.979588 -0.600641 0.048495 0.074012 0.000000 
100.000000 2077.000000 -0.993983 0.201779 -0.114591 0.647166 nan 0.172531 -0.007378 -0.001152 0.984976 -0.643663 0.015757 0.135780 0.000000 
100.000000 2097.000000 -1.084675 0.077564 -0.067865 0.702057 nan 0.139007 -0.001849 0.004381 0.990280 -0.656385 0.022256 0.109969 0.000000 
99.000000 2116.000000 -1.106023 -0.054855 -0.000408 0.704028 nan 0.105055 -0.000663 0.004832 0.994454 -0.669852 -0.013707 0.021079 0.000000 
99.000000 2136.000000 -0.985477 -0.021526 -0.003613 0.699429 nan 0.068443 0.004157 0.001123 0.997646 -0.594844 0.010478 -0.049979 0.000000 
100.000000 2157.000000 -0.976322 0.009452 -0.034639 0.650631 nan 0.033562 -0.002272 0.000607 0.999434 -0.525475 -0.002032 -0.008567 0.000000 
99.000000 2176.000000 -0.938869 -0.048871 0.159394 0.674897 nan 0.001055 -0.004483 0.000793 0.999989 -0.518879 0.034732 0.075004 0.000000 
99.000000 2196.000000 -0.982564 0.186416 -0.010496 0.469081 nan -0.029401 -0.008780 0.004187 0.999520 -0.528492 0.025771 0.128595 0.000000 
100.000000 2216.000000 -1.018011 0.104973 0.061166 0.319394 nan -0.049989 -0.010162 0.013910 0.998601 -0.579512 -0.002547 0.144209 0.000000 
99.000000 2236.000000 -1.077386 0.039046 -0.040923 0.140004 nan -0.060843 -0.008325 0.018656 0.997938 -0.571086 0.004167 0.079308 0.000000 
100.000000 2256.000000 -1.016521 -0.022833 -0.178991 0.136458 nan -0.067226 0.001970 0.023716 0.997454 -0.507563 0.032674 -0.003209 0.000000 
99.000000 2276.000000 -1.050635 0.026011 -0.055210 -0.087505 nan -0.066188 -0.003070 0.019270 0.997616 -0.520082 0.103428 0.007888 0.000000 
99.000000 2296.000000 -0.938896 -0.332985 0.123381 0.002672 nan -0.060074 0.005146 0.013031 0.998096 -0.522371 0.135348 0.032160 0.000000 
100.000000 2316.000000 -0.948303 0.013783 -0.018262 0.158857 nan -0.060191 0.000295 0.006499 0.998166 -0.542019 0.170172 0.101093 0.000000 
99.000000 2336.000000 -0.982258 0.117424 0.029496 0.415478 nan -0.073730 0.001327 0.009172 0.997235 -0.631889 0.183540 0.139683 0.000000 
99.000000 2356.000000 -1.092574 0.063961 -0.064924 0.518465 nan -0.094583 0.001513 0.015551 0.995394 -0.620664 0.198465 0.097799 0.000000 
100.000000 2376.000000 -1.084441 -0.131780 -0.353162 0.358351 nan -0.116688 0.011630 0.015109 0.992986 -0.541869 0.248742 -0.027155 0.000000 
99.000000 2396.000000 -1.023996 -0.126515 0.125322 0.235423 nan -0.130125 0.009698 0.005857 0.991433 -0.476022 0.225387 -0.010921 0.000000 
99.000000 2416.000000 -0.967704 0.238570 -0.004688 0.260495 nan -0.143580 0.016611 0.009591 0.989453 -0.459363 0.237395 0.011679 0.000000 
100.000000 2436.000000 -0.982723 -0.126189 0.101112 0.110580 nan -0.151383 0.008093 0.011956 0.988370 -0.477152 0.248553 0.050192 0.000000 
99.000000 2456.000000 -0.996025 -0.116279 0.006940 -0.082582 nan -0.150702 0.007558 0.004881 0.988538 -0.557830 0.208143 0.081623 0.000000 
99.000000 2476.000000 -1.080249 -0.099124 0.055701 -0.311945 nan -0.138818 0.005184 -0.001776 0.990303 -0.569337 0.225349 0.057047 0.000000 
100.000000 2496.000000 -1.101462 -0.155227 -0.124403 -0.462685 nan -0.117373 0.006548 -0.008083 0.993033 -0.595248 0.261060 -0.034236 0.000000 
99.000000 2516.000000 -0.940147 -0.118232 0.186912 -0.540062 nan -0.089938 0.012143 -0.012281 0.995798 -0.580460 0.343808 -0.049731 0.000000 
100.000000 2536.000000 -1.017280 0.045183 -0.111685 -0.579785 nan -0.061556 0.003918 -0.014353 0.997993 -0.611125 0.414885 -0.004698 0.000000 
100.000000 2556.000000 -0.963882 -0.179170 0.176018 -0.577038 nan -0.032517 0.006738 -0.019116 0.999266 -0.639182 0.464085 0.049580 0.000000 
99.000000 2576.000000 -0.972260 -0.036983 0.050892 -0.505090 nan -0.005178 0.000205 -0.023282 0.999716 -0.655329 0.514617 0.092680 0.000000 
100.000000 2596.000000 -1.061097 0.150776 0.015460 -0.516397 nan 0.018691 0.000149 -0.022169 0.999580 -0.729713 0.566221 0.082018 0.000000 
99.000000 2616.000000 -1.098628 0.006067 0.234894 -0.384937 nan 0.042454 -0.005547 -0.016199 0.998952 -0.687247 0.597141 -0.016536 0.000000 
100.000000 2636.000000 -1.020573 0.021938 0.129208 -0.280068 nan 0.058119 -0.012770 -0.016161 0.998097 -0.641961 0.603495 -0.103389 0.000000 
99.000000 2656.000000 -1.022551 0.026495 0.037057 -0.137699 nan 0.069560 -0.024032 -0.014490 0.997183 -0.574425 0.494374 -0.097816 0.000000 
99.000000 2676.000000 -0.922128 0.188318 0.268803 -0.013729 nan 0.076212 -0.027925 -0.008015 0.996668 -0.576277 0.472790 -0.034273 0.000000 
100.000000 2696.000000 -0.930015 0.135820 0.054039 -0.173674 nan 0.084572 -0.037821 0.001416 0.995698 -0.606942 0.421022 0.067701 0.000000 
99.000000 2716.000000 -0.979520 -0.116565 -0.068673 -0.324758 nan 0.102872 -0.034847 0.002271 0.994081 -0.655018 0.359862 0.115112 0.000000 
99.000000 2736.000000 -1.046454 -0.054983 -0.091902 -0.219282 nan 0.121903 -0.032391 -0.003441 0.992007 -0.639195 0.304386 0.082745 0.000000 
99.000000 2756.000000 -1.036052 0.096306 -0.275699 0.009080 nan 0.131017 -0.020763 -0.002303 0.991160 -0.613224 0.260508 -0.014774 0.000000 
100.000000 2776.000000 -1.011129 -0.007931 0.093045 0.068547 nan 0.132908 -0.026790 -0.001712 0.990765 -0.594560 0.252525 0.003139 0.000000 
99.000000 2796.000000 -0.967262 -0.297734 -0.162542 0.021379 nan 0.133722 -0.019536 -0.009244 0.990783 -0.557467 0.214608 0.034464 0.000000 
100.000000 2816.000000 -0.971144 0.000250 -0.019437 0.104148 nan 0.136629 -0.020102 -0.015521 0.990297 -0.537371 0.227170 0.092210 0.000000 
99.000000 2836.000000 -1.016029 0.021538 -0.052913 0.231994 nan 0.131171 -0.017072 -0.015694 0.991089 -0.598416 0.257699 0.106660 0.000000 
100.000000 2856.000000 -1.083852 0.046096 0.004802 0.237788 nan 0.122241 -0.015414 -0.012631 0.992300 -0.587921 0.253560 0.047976 0.000000 
100.000000 2876.000000 -1.083050 0.069382 -0.140616 0.149113 nan 0.114180 -0.014841 -0.013540 0.993257 -0.506813 0.280771 -0.020863 0.000000 
99.000000 2896.000000 -0.975762 -0.065651 0.057953 0.231764 nan 0.109044 -0.018452 -0.012576 0.993786 -0.442836 0.211183 0.018112 0.000000 
99.000000 2916.000000 -0.958068 0.188351 -0.279624 0.203779 nan 0.098530 -0.006323 -0.012632 0.995034 -0.352133 0.179516 0.073701 0.000000 
100.000000 2936.000000 -1.010072 -0.018628 0.081298 0.076724 nan 0.090795 -0.004199 -0.007058 0.995836 -0.365343 0.159085 0.109000 0.000000 
100.000000 2956.000000 -1.020963 -0.025367 -0.035182 -0.034944 nan 0.089509 -0.003304 -0.008910 0.995941 -0.431258 0.143398 0.092096 0.000000 
99.000000 2977.000000 -1.081892 0.048810 0.067490 -0.169977 0.000000 0.095563 -0.006000 -0.010862 0.995346 -0.398201 0.094309 0.041273 0.000000 
100.000000 2996.000000 -1.016296 0.163070 0.171064 -0.010936 nan 0.101785 -0.008961 -0.007402 0.994739 -0.410119 0.079510 0.009862 0.000000 
99.000000 3016.000000 -0.988598 0.238750 0.182586 -0.032061 nan 0.102260 -0.015455 0.007507 0.994609 -0.408068 0.098731 0.002479 0.000000 
100.000000 3036.000000 -1.022376 -0.026172 0.279702 -0.247273 nan 0.107173 -0.030917 0.012727 0.993678 -0.396363 0.119965 0.023753 0.000000 
99.000000 3056.000000 -0.952042 -0.327976 -0.239727 -0.625194 nan 0.131336 -0.029586 0.005675 0.990880 -0.348792 0.150828 0.042371 0.000000 
99.000000 3076.000000 -0.962465 -0.350636 -0.175158 -0.641185 nan 0.162940 -0.024418 -0.016847 0.986190 -0.387251 0.225447 0.093887 0.000000 
100.000000 3096.000000 -1.006621 0.010385 -0.153697 -0.540939 nan 0.192800 -0.017324 -0.026026 0.980740 -0.410578 0.307368 0.184938 0.000000 
99.000000 3116.000000 -1.037249 0.119495 0.096337 -0.486761 nan 0.217108 -0.014396 -0.021807 0.975798 -0.495895 0.409540 0.198563 0.000000 
100.000000 3136.000000 -1.081182 -0.136267 0.066701 -0.466386 nan 0.238652 -0.017318 -0.019497 0.970755 -0.493727 0.371614 0.114934 0.000000 
99.000000 3156.000000 -1.021053 -0.028930 -0.285938 -0.385548 nan 0.260415 -0.012631 -0.028649 0.964989 -0.393062 0.273221 0.099176 0.000000 
100.000000 3176.000000 -1.027392 -0.110059 0.188134 0.085510 nan 0.270123 -0.018310 -0.031485 0.962137 -0.314179 0.140483 0.066153 0.000000 
100.000000 3196.000000 -0.963070 0.281559 -0.030655 0.359359 nan 0.254746 -0.016167 -0.029816 0.966413 -0.235286 0.027438 0.029981 0.000000 
99.000000 3216.000000 -0.990487 0.248319 0.147372 0.184095 nan 0.244092 -0.020032 -0.012741 0.969462 -0.193026 -0.102731 0.075171 0.000000 
100.000000 3236.000000 -1.030605 -0.008211 -0.002517 0.200286 nan 0.233162 -0.021396 -0.007895 0.972170 -0.158483 -0.221341 0.080744 0.000000 
100.000000 3256.000000 -1.021336 -0.194301 0.062167 0.097234 nan 0.228584 -0.022020 -0.009430 0.973229 -0.103604 -0.383161 0.113934 0.000000 
100.000000 3276.000000 -0.990381 -0.059962 -0.195219 0.251203 nan 0.222070 -0.019633 -0.018639 0.974655 -0.068092 -0.399918 0.106075 0.000000 
99.000000 3296.000000 -1.035079 -0.093826 -0.157465 0.385730 nan 0.207193 -0.014571 -0.023602 0.977907 -0.014995 -0.346534 0.115330 0.000000 
100.000000 3316.000000 -1.029826 0.043686 -0.032066 0.424386 nan 0.187417 -0.012615 -0.026303 0.981847 0.018340 -0.223283 0.072529 0.000000 
100.000000 3336.000000 -1.004046 0.152923 -0.191588 0.382158 nan 0.168243 -0.008348 -0.021474 0.985476 0.066861 -0.170918 0.072979 0.000000 
99.000000 3356.000000 -0.986304 0.157006 -0.109559 0.412187 nan 0.149679 0.001272 -0.013013 0.988648 0.115534 -0.139864 0.151569 0.000000 
99.000000 3376.000000 -1.060448 -0.020750 -0.156178 0.636294 nan 0.122640 0.006834 -0.011457 0.992362 0.123100 -0.095255 0.161443 0.000000 
99.000000 3396.000000 -1.036345 0.077380 0.066374 0.587290 nan 0.091869 0.009410 -0.010805 0.995668 0.132006 -0.058296 0.141691 0.000000 
100.000000 3416.000000 -0.995053 0.184134 0.045276 0.500565 nan 0.065643 0.006841 -0.003085 0.997815 0.150773 -0.025361 0.152984 0.000000 
100.000000 3436.000000 -1.022798 0.120495 -0.060928 0.530918 nan 0.039571 0.006511 0.005172 0.999182 0.164626 -0.023317 0.117854 0.000000 
99.000000 3456.000000 -1.030072 0.100281 0.003393 0.520403 nan 0.013730 0.009566 0.010853 0.999801 0.187182 -0.022206 0.130418 0.000000 
100.000000 3476.000000 -1.024602 0.061344 0.132064 0.435096 nan -0.011332 0.005891 0.015364 0.999800 0.189897 0.012822 0.081540 0.000000 
100.000000 3496.000000 -1.008420 0.066865 0.083499 0.362226 nan -0.030382 0.001628 0.018712 0.999362 0.215273 0.040389 0.059400 0.000000 
100.000000 3516.000000 -0.993048 0.099143 0.112812 0.282533 nan -0.047222 -0.004446 0.022806 0.998614 0.242549 0.066380 0.035031 0.000000 
100.000000 3536.000000 -0.998742 -0.038309 -0.005875 0.149286 nan -0.058822 -0.006904 0.025653 0.997915 0.231690 0.113723 0.057810 0.000000 
99.000000 3556.000000 -1.001900 -0.100373 -0.071906 -0.053575 nan -0.061899 -0.003921 0.022004 0.997832 0.224072 0.157904 0.058470 0.000000 
100.000000 3576.000000 -1.002103 -0.118565 -0.056539 -0.228787 nan -0.056846 0.000739 0.016928 0.998239 0.195466 0.195152 0.040028 0.000000 
99.000000 3596.000000 -1.037518 -0.207433 -0.037899 -0.541212 nan -0.039654 0.001777 0.009495 0.999167 0.149748 0.253128 0.022073 0.000000 
100.000000 3616.000000 -1.029730 -0.247744 -0.075359 -1.024167 nan -0.003227 0.005777 -0.002406 0.999975 0.116363 0.325187 -0.010632 0.000000 
99.000000 3636.000000 -1.006825 -0.226115 0.034942 -1.095257 nan 0.051101 0.006708 -0.013546 0.998579 0.093322 0.377965 -0.010334 0.000000 
100.000000 3656.000000 -1.005965 -0.111354 0.028734 -0.871912 nan 0.099885 0.005921 -0.021909 0.994740 0.111126 0.377667 0.051437 0.000000 
99.000000 3676.000000 -1.012737 -0.088160 0.123578 -0.765240 nan 0.140284 0.002866 -0.025100 0.989789 0.132264 0.328892 0.031413 0.000000 
100.000000 3697.000000 -0.969311 0.062826 0.121743 -0.770527 0.000000 0.179986 -0.003715 -0.024616 0.983354 0.150615 0.316714 0.071306 0.000000 
100.000000 3716.000000 -0.968489 0.076215 -0.062538 -0.801415 nan 0.216744 -0.004042 -0.019924 0.976017 0.125743 0.322319 0.123377 0.000000 
99.000000 3736.000000 -0.985865 -0.025838 -0.103425 -0.711052 nan 0.254553 0.001775 -0.019220 0.966866 0.043812 0.313358 0.139241 0.000000 
100.000000 3756.000000 -1.040351 0.029568 -0.091489 -0.479765 nan 0.282397 0.006749 -0.021815 0.959026 -0.079238 0.283776 0.086006 0.000000 
99.000000 3777.000000 -1.038230 0.034400 0.006634 -0.288965 0.000000 0.301498 0.009658 -0.020802 0.953191 -0.196216 0.240334 0.103737 0.000000 
99.000000 3796.000000 -1.076144 -0.015441 -0.011649 -0.029565 nan 0.308950 0.008309 -0.019894 0.950834 -0.258087 0.181344 0.083821 0.000000 
100.000000 3816.000000 -1.019403 0.017223 0.047728 0.208113 nan 0.305285 0.008577 -0.020660 0.951998 -0.299477 0.094409 0.089645 0.000000 
99.000000 3837.000000 -1.010930 0.091898 0.167972 0.488762 0.000000 0.288029 0.002240 -0.016620 0.957475 -0.306082 -0.001396 0.014517 0.000000 
100.000000 3857.000000 -1.018679 0.075693 0.112923 0.659928 0.000000 0.261593 -0.002237 -0.009408 0.965130 -0.282819 -0.099311 -0.008091 0.000000 
99.000000 3877.000000 -0.959362 -0.077127 -0.008911 0.603066 0.000000 0.229780 -0.003061 -0.009332 0.973193 -0.248143 -0.219279 0.012482 0.000000 
100.000000 3897.000000 -0.983146 0.039774 0.030327 0.496684 0.000000 0.204289 -0.006152 -0.011243 0