0.000000 0.000000 0.000000 0 0 0 0 0 0
0.000000 0.000000 0.000000 0 0 0 0 0 0
-0.000000 -0.000000 0.000000 0 0 0 0 128 0
-0.000000 -0.000000 0.000000 0 0 0 0 128 1
-0.000000 -0.000000 0.000000 642 -252 -44 27 200 2
-0.000000 -0.000000 0.000000 568 82 45 32 200 3
-0.000000 -0.000000 0.000000 680 28 57 40 201 4
0.063706 0.009816 0.000000 645 98 121 25 255 5
0.138696 -0.002000 -0.003797 757 -153 38 29 95 6
0.242294 0.013611 -0.002599 1035 81 -14 45 95 7
0.307542 0.033121 0.004831 665 61 -69 55 95 8
0.391432 0.034621 0.014798 855 -108 -94 37 95 9
0.469634 0.061947 0.017093 806 190 -15 50 255 10
0.552932 0.078101 0.009453 844 133 65 50 127 11
0.629885 0.096292 0.000207 772 160 107 38 95 12
0.738083 0.110308 -0.003616 1072 185 41 42 95 13
0.806777 0.103761 -0.003311 674 20 -2 71 95 14
0.892018 0.128209 0.001795 846 297 -38 75 95 15
0.968982 0.163676 0.004898 787 302 -14 84 255 16
1.052385 0.202015 -0.001771 894 245 95 74 127 17
1.161232 0.228514 -0.012496 1015 114 126 50 127 18
1.262412 0.278773 -0.031005 1033 415 86 51 127 19
1.308724 0.281928 -0.038512 424 222 74 77 95 20
1.410544 0.279134 -0.034666 951 295 -45 94 95 21
1.486988 0.304067 -0.036386 717 493 19 86 95 22
1.579943 0.322178 -0.045592 896 335 77 55 95 23
1.652538 0.333802 -0.056354 695 267 100 32 255 24
1.759212 0.324215 -0.064573 1033 42 36 37 127 25
1.829660 0.312025 -0.058200 678 94 -19 74 127 26
1.939158 0.303121 -0.057742 1029 310 -11 57 95 27
2.020986 0.262833 -0.057639 785 -156 5 81 95 28
2.131437 0.295340 -0.066051 1137 33 78 55 95 29
2.220161 0.322789 -0.068773 968 -283 24 57 95 30
2.336977 0.368932 -0.069085 1260 -147 -49 61 255 31
2.361444 0.461947 -0.085265 344 508 104 79 127 32
2.459615 0.499333 -0.090171 1070 238 -96 64 127 33
2.523423 0.484799 -0.063109 639 -91 -61 61 127 34
2.636596 0.468288 -0.068730 1065 193 23 66 95 35
2.742296 0.383878 -0.077117 949 -192 52 33 95 36
2.843212 0.309222 -0.080744 938 -206 1 41 95 37
2.927815 0.279016 -0.069307 817 26 -126 42 95 38
3.031832 0.222256 -0.049576 998 10 -200 76 255 39
3.126430 0.181676 -0.040381 941 10 -101 71 127 40
3.230181 0.183782 -0.040386 1026 -106 -5 46 127 41
3.323339 0.192010 -0.047420 950 -210 63 67 95 42
3.420502 0.255863 -0.055742 989 320 95 56 95 43
3.497215 0.271684 -0.054934 776 109 0 71 95 44
3.602938 0.225096 -0.050533 1033 -176 -40 75 95 45
3.680586 0.170554 -0.046078 753 127 -39 77 255 46
3.761782 0.096995 -0.054330 789 138 40 58 127 47
3.850328 -0.077020 -0.058959 886 -287 75 47 95 48
3.989099 -0.210371 -0.068977 1386 -307 92 39 95 49
4.055498 -0.302074 -0.075088 722 45 48 76 95 50
4.114832 -0.430627 -0.078975 724 128 29 76 95 51
4.186806 -0.505599 -0.073583 797 -101 -67 66 255 52
4.286295 -0.483743 -0.075526 959 -83 11 68 95 53
4.381577 -0.407869 -0.084380 881 54 88 57 95 54
4.471650 -0.270576 -0.095430 836 305 126 58 95 55
4.581467 -0.203832 -0.093197 1074 0 0 52 95 56
4.689162 -0.132294 -0.078599 1031 -161 -114 84 255 57
4.769225 -0.008393 -0.073370 781 -78 -66 74 127 58
4.883821 0.078420 -0.078517 1102 137 51 64 127 59
4.934999 0.070538 -0.097948 520 268 218 36 95 60
5.004662 0.039799 -0.121129 749 501 278 37 95 61
5.115186 -0.095427 -0.117270 1129 -33 7 51 95 62
5.211150 -0.308521 -0.106287 999 -306 -81 45 95 63
5.262922 -0.412805 -0.104961 644 230 9 58 255 64
5.357938 -0.445456 -0.111042 967 45 19 58 127 65
5.472114 -0.332731 -0.109810 1039 2 32 35 95 66
5.587152 -0.140203 -0.121362 1042 169 158 57 95 67
5.715588 0.052337 -0.130518 1202 242 108 71 95 68
5.792838 0.281197 -0.135397 812 175 46 84 95 69
5.849846 0.653227 -0.130204 889 -136 -82 41 255 70
5.892359 1.102598 -0.137026 1056 232 51 41 95 71
5.919418 1.280184 -0.178981 599 163 418 20 95 72
5.959948 1.538777 -0.183824 933 408 61 30 95 73
6.014185 1.798366 -0.182306 1285 -84 -63 62 95 74
6.051030 1.938628 -0.178667 795 -46 -168 51 255 75
6.071988 2.093591 -0.179031 559 604 19 95 127 76
6.131297 2.195289 -0.163825 881 150 1 115 127 77
6.174921 2.298796 -0.171097 765 170 52 77 127 78
6.236160 2.368836 -0.179770 779 281 93 79 95 79
6.332616 2.371494 -0.184667 793 466 57 66 95 80
6.453928 2.284088 -0.181638 714 472 -26 68 95 81
6.593880 2.002638 -0.176293 484 120 -44 59 95 82
6.779069 1.720188 -0.180186 816 898 73 65 255 83
6.961459 1.288350 -0.183779 794 295 85 67 127 84
7.099149 0.832088 -0.196292 654 225 124 45 95 85
7.231077 0.330296 -0.201438 881 233 43 35 95 86
7.286633 -0.143121 -0.200712 527 323 -5 41 95 87
7.343016 -0.593588 -0.195236 822 226 -47 56 95 88
7.359609 -1.013372 -0.194063 689 242 -1 43 255 89
7.387670 -1.283079 -0.205546 797 274 70 38 127 90
7.451061 -1.440737 -0.214891 917 2 106 23 95 91
7.540260 -1.526718 -0.222599 1023 100 65 43 95 92
7.581188 -1.522606 -0.227594 404 -109 55 79 95 93
7.713738 -1.439533 -0.218296 1107 -44 -105 65 95 94
7.757518 -1.442357 -0.217312 461 11 -14 70 255 95
7.797670 -1.642052 -0.228673 862 104 1 42 127 96
7.798141 -1.965364 -0.237058 757 -16 79 30 95 97
7.807855 -2.346730 -0.241141 1019 -336 22 38 95 98
7.786133 -2.592650 -0.241194 457 -324 -6 48 95 99
7.809757 -2.799434 -0.240276 960 36 -43 73 95 100
7.790944 -2.938857 -0.238136 268 -194 -27 78 255 101
7.879409 -2.973957 -0.224477 817 -430 -107 73 127 102
8.020920 -2.803582 -0.229485 734 -174 42 51 95 103
8.229239 -2.473160 -0.233894 946 -167 30 68 95 104
8.447115 -2.026843 -0.234271 934 -107 -19 70 95 105
8.596765 -1.555200 -0.228950 497 -98 -59 77 95 106
8.778177 -1.082854 -0.222026 1055 -290 -84 63 255 107
8.885249 -0.626998 -0.219920 618 -199 -17 58 127 108
9.000614 -0.215097 -0.215949 969 -150 -25 45 127 109
9.074069 0.195993 -0.225853 767 -175 100 34 95 110
9.147665 0.435293 -0.220831 900 -428 -43 53 95 111
9.201866 0.617728 -0.210782 794 -247 -72 81 95 112
9.288187 0.735446 -0.196106 1013 -99 -93 61 95 113
9.328390 0.888850 -0.185638 706 -104 -60 61 255 114
9.420406 1.204450 -0.184585 1240 -262 -27 52 127 115
9.462792 1.544953 -0.191548 907 -147 125 56 95 116
9.556189 1.744294 -0.201902 1070 222 149 53 95 117
9.580088 1.783818 -0.209011 388 34 92 86 95 118
9.704368 1.794553 -0.202041 1168 0 -27 60 95 119
9.749074 1.865964 -0.202711 547 197 46 68 255 120
9.853810 1.787190 -0.212358 815 256 153 69 127 121
9.957280 1.630279 -0.221364 714 174 97 54 127 122
10.069604 1.467742 -0.222609 793 -15 90 54 127 123
10.149226 1.370287 -0.218946 690 72 -11 53 95 124
10.294886 1.160378 -0.213714 1073 11 -41 65 95 125
10.347196 1.017817 -0.213999 343 140 7 50 95 126
10.411787 0.974778 -0.219064 613 -155 50 34 95 127
10.454209 1.093100 -0.226897 557 32 85 51 255 128
10.496600 1.254551 -0.244630 629 229 77 65 127 129
10.539034 1.317407 -0.242113 496 379 100 40 127 130
10.545592 1.417088 -0.225257 439 -93 -26 70 127 131
10.511718 1.912370 -0.219893 439 -93 -26 0 95 132
10.449219 2.540701 -0.222042 699 -186 43 41 95 133
10.345626 3.209868 -0.226397 602 432 83 44 95 134
10.223413 3.760458 -0.237756 480 351 139 39 95 135
10.103994 4.207973 -0.248194 614 -22 129 30 255 136
10.013652 4.640592 -0.254734 1017 -117 14 52 127 137
9.950360 4.853746 -0.253551 385 202 9 50 95 138
10.141691 4.557916 -0.252546 385 202 9 0 95 139
10.248419 4.402709 -0.245290 160 556 -48 79 95 140
10.386915 4.177969 -0.246647 444 31 31 112 95 141
10.458116 4.104711 -0.248592 327 268 53 96 255 142
10.544779 3.990357 -0.252540 285 332 68 125 127 143
10.679601 3.734863 -0.253163 125 702 67 93 127 144
10.823157 3.358609 -0.259279 -4 600 63 87 127 145
10.959706 3.002738 -0.270227 95 641 48 71 127 146
11.087708 2.642175 -0.270341 138 455 31 64 127 147
11.207264 2.046385 -0.270471 -101 104 5 39 95 148
11.306936 1.373002 -0.273536 -59 227 36 36 95 149
11.353855 0.807777 -0.276908 -90 288 36 32 31 150
11.384263 0.229348 -0.276822 39 116 -2 61 95 151
11.390182 -0.351829 -0.276555 86 55 -5 45 255 152
11.343953 -0.909254 -0.276155 -141 97 -3 41 127 153
11.301359 -1.333921 -0.273496 12 52 -25 52 127 154
11.239439 -1.698564 -0.272538 -25 83 -33 73 127 155
11.202351 -1.951707 -0.268527 76 37 -41 74 95 156
11.206479 -2.034973 -0.263170 140 -96 -48 66 95 157
11.236668 -1.926982 -0.260009 72 0 -31 74 95 158
11.295650 -1.549552 -0.260252 -11 -59 3 64 95 159
11.378899 -0.734863 -0.260626 -11 -59 3 0 223 160
11.401096 0.489696 -0.255481 92 -99 -55 24 95 161
11.309730 1.588413 -0.253477 109 -90 -25 30 95 162